id,Status_C,Status_CL,Status_D
7905,0.7563326728289487,0.0165093480854367,0.22715797908561466
7906,0.7834426749093847,0.14950878404600346,0.06704854104461176
7907,0.08919046256805448,0.0361414068565843,0.8746681305753613
7908,0.9581418082427415,0.005297209679244943,0.03656098207801351
7909,0.8783988156633113,0.023842083195279955,0.0977591011414087
7910,0.9822594556913504,0.003948769190038245,0.013791775118611418
7911,0.9734539735616579,0.0054471282429784705,0.02109889819536378
7912,0.3068996217471279,0.010609646077966068,0.682490732174906
7913,0.04543710967864923,0.003280267543260362,0.9512826227780904
7914,0.024077699579895973,0.00836841828772002,0.9675538821323841
7915,0.6162143967326562,0.054925481585924,0.32886012168141965
7916,0.8503248554739425,0.006616573147626725,0.14305857137843053
7917,0.8233291585014869,0.08849701789174552,0.08817382360676754
7918,0.9105286296557219,0.01857082945182469,0.07090054089245355
7919,0.5362502655670406,0.03142012950610985,0.4323296049268496
7920,0.9591023154143838,0.0077124282799247755,0.03318525630569132
7921,0.9079438671457704,0.0056375045177651795,0.08641862833646435
7922,0.04594269281292651,0.021114308239857348,0.9329429989472162
7923,0.9589961246099645,0.001803038271214932,0.03920083711882065
7924,0.8862903598538744,0.04172122252670066,0.07198841761942498
7925,0.020194070734392198,0.009922071445764746,0.9698838578198431
7926,0.7222474287775219,0.003069513247576571,0.2746830579749015
7927,0.7694381289835168,0.08169376464058509,0.1488681063758981
7928,0.26957845657150853,0.08489293114777814,0.6455286122807133
7929,0.9219848283263367,0.015895981271962557,0.062119190401700754
7930,0.22249284077736872,0.09582332720923278,0.6816838320133984
7931,0.9206780986751605,0.008564274035109396,0.07075762728973027
7932,0.25325292992556175,0.053354717097538425,0.6933923529768997
7933,0.7197904134639901,0.012704482890918021,0.2675051036450918
7934,0.9720155891833218,0.002602826497642587,0.025381584319035477
7935,0.9480427185816012,0.005262085291061625,0.046695196127337156
7936,0.9073242369325182,0.012285426176013563,0.08039033689146814
7937,0.5186143174823129,0.013409036329196574,0.4679766461884905
7938,0.974351154409911,0.00570491131295383,0.01994393427713515
7939,0.6121868791683927,0.05133301888793167,0.3364801019436757
7940,0.8526352746188415,0.05782986775660924,0.08953485762454917
7941,0.12677853221877317,0.06402919766124596,0.809192270119981
7942,0.9462171822876342,0.006287469942989237,0.047495347769376604
7943,0.0655211720915615,0.029097307856461408,0.905381520051977
7944,0.9603231184046401,0.003138555721090328,0.03653832587426948
7945,0.9647760039745245,0.0026750807292497073,0.03254891529622591
7946,0.9322448402992642,0.022954460195547248,0.04480069950518857
7947,0.882298117738611,0.004605700810011172,0.11309618145137787
7948,0.17306180324100798,0.026899154676401887,0.80003904208259
7949,0.42623729579445585,0.03805551764020855,0.5357071865653356
7950,0.9505661244900268,0.015383911644085906,0.034049963865887295
7951,0.6357172226621722,0.03816731500813181,0.32611546232969607
7952,0.2866355497106064,0.12194159909463131,0.5914228511947623
7953,0.05667900854036089,0.014575460105571493,0.9287455313540677
7954,0.9155289031680586,0.01581721427042306,0.06865388256151833
7955,0.2605489852616887,0.008642260557094451,0.7308087541812168
7956,0.08807245189627047,0.027057823520541226,0.8848697245831882
7957,0.9480343631147174,0.00638305391610162,0.045582582969180885
7958,0.04766667169316342,0.015113735799075538,0.9372195925077611
7959,0.6393131378228195,0.07932734912356813,0.2813595130536123
7960,0.44158814143587444,0.023987342710595425,0.5344245158535302
7961,0.936860867995936,0.011086349528396685,0.05205278247566739
7962,0.35243905475867043,0.04310833390844278,0.6044526113328867
7963,0.2987076769143429,0.022930208966429784,0.6783621141192273
7964,0.008694883625461445,0.011453513241619947,0.9798516031329186
7965,0.9716596058544825,0.01001229384335466,0.018328100302162757
7966,0.5690446254586036,0.006514302325848487,0.4244410722155479
7967,0.949443775381429,0.014260331078721026,0.03629589353985007
7968,0.9712810423073643,0.001363886576512753,0.027355071116123033
7969,0.5622013707218566,0.029012617507487407,0.408786011770656
7970,0.9096884164986245,0.0021427706174739778,0.08816881288390165
7971,0.9691752699988203,0.0018671783218873134,0.02895755167929237
7972,0.7036521845183128,0.08606499409805941,0.21028282138362794
7973,0.9539393326343046,0.007585742445421028,0.03847492492027435
7974,0.36813898119240196,0.16804197514408067,0.4638190436635174
7975,0.9120131552499452,0.011465118861151626,0.07652172588890323
7976,0.034432475520953874,0.0067060036637179715,0.958861520815328
7977,0.9720126336182264,0.005037699457784507,0.022949666923989122
7978,0.10233754936143295,0.03633909473101243,0.8613233559075546
7979,0.7625979554616862,0.014771198043243916,0.22263084649506992
7980,0.9613801966806402,0.0032312179911930007,0.035388585328166695
7981,0.839802778558255,0.06929419098310646,0.09090303045863853
7982,0.9195655016233799,0.01582311763504527,0.06461138074157474
7983,0.9433422883465363,0.02836536908339091,0.028292342570072793
7984,0.09879267988077334,0.02344651022071084,0.8777608098985158
7985,0.39588475675005375,0.006554352138485138,0.597560891111461
7986,0.13117926188117834,0.1130027099433399,0.7558180281754817
7987,0.6585023395189039,0.03737484280846312,0.30412281767263294
7988,0.8441374174246375,0.012994335902101138,0.14286824667326117
7989,0.944950942290521,0.010346221173799963,0.04470283653567906
7990,0.2718538678588058,0.03043724818492611,0.6977088839562681
7991,0.17285585627475605,0.04835551860931423,0.7787886251159297
7992,0.9795711928538637,0.005808875439987373,0.014619931706148876
7993,0.8124225358644105,0.027547318764553623,0.16003014537103583
7994,0.9428876001328063,0.009375182112381752,0.04773721775481194
7995,0.8876091300003478,0.01604824531871262,0.09634262468093957
7996,0.1966807005521532,0.03394042252421784,0.769378876923629
7997,0.9116337184499053,0.016788941174095448,0.0715773403759992
7998,0.008618154845476997,0.0033225490518594488,0.9880592961026635
7999,0.009603259217122876,0.005433815329615299,0.9849629254532619
8000,0.9112012238182595,0.018356478515896703,0.07044229766584383
8001,0.9326461661680892,0.012366930216808236,0.05498690361510257
8002,0.7411440085735065,0.08319292756504579,0.17566306386144767
8003,0.8230897801812934,0.0920920034914002,0.08481821632730646
8004,0.6361409757648075,0.0160383114791629,0.3478207127560295
8005,0.6758617294889578,0.013567325465183923,0.31057094504585825
8006,0.9203725590335388,0.03689654103348908,0.0427308999329722
8007,0.8425766893109276,0.007243098719133118,0.15018021196993936
8008,0.9702007780715696,0.006634870840148209,0.02316435108828237
8009,0.9021131473774983,0.005427184753255167,0.09245966786924659
8010,0.9526470847111763,0.011920518804019887,0.03543239648480364
8011,0.8642971424255008,0.010752323568885587,0.12495053400561365
8012,0.8568972807480765,0.007486348494818117,0.1356163707571054
8013,0.4338216423569321,0.024504245783590086,0.5416741118594778
8014,0.9568145035272035,0.02314612550888752,0.02003937096390903
8015,0.9662849710497586,0.004225378143142426,0.029489650807098963
8016,0.9639081241203165,0.006679653171274388,0.029412222708409052
8017,0.7140498056520698,0.003852451143887591,0.28209774320404274
8018,0.7637983118894216,0.020773397646129822,0.2154282904644486
8019,0.974936037303042,0.006949125335555567,0.01811483736140247
8020,0.8183097357877056,0.018857791632226728,0.16283247258006764
8021,0.30421996110214616,0.0021501386590545733,0.6936299002387992
8022,0.12787932327994303,0.02118878138990086,0.8509318953301561
8023,0.8038570485430285,0.05806326870411489,0.1380796827528566
8024,0.846858871970697,0.004097234828361609,0.14904389320094144
8025,0.10634523209273938,0.015959508006269718,0.8776952599009908
8026,0.9504205233643894,0.006487329722536162,0.043092146913074496
8027,0.9781507341959755,0.006421491011666455,0.01542777479235811
8028,0.20271532892585908,0.023161293107027168,0.7741233779671138
8029,0.4223443389436172,0.05395800900627952,0.5236976520501033
8030,0.9620332350131812,0.0021081841267436155,0.035858580860075186
8031,0.9038002367245497,0.026088403879293367,0.07011135939615677
8032,0.9291063491699272,0.0033839666309735633,0.06750968419909933
8033,0.24996571889093397,0.07070792935113465,0.6793263517579314
8034,0.7557977614592083,0.014904357790297947,0.22929788075049368
8035,0.9556092334180397,0.0040391407532008134,0.040351625828759535
8036,0.9042339285127964,0.0773802254655442,0.018385846021659467
8037,0.3156307428962856,0.03880584043343925,0.6455634166702751
8038,0.8031562018547611,0.012783279450050745,0.18406051869518816
8039,0.1749322123008476,0.0373306912443344,0.7877370964548179
8040,0.6981544792765692,0.07120711961499729,0.23063840110843367
8041,0.19467065922816795,0.028847831171595388,0.7764815096002365
8042,0.03678991541061781,0.020467739312531166,0.942742345276851
8043,0.9198217952207036,0.007457971126221833,0.07272023365307462
8044,0.016353704479585143,0.006167683765587251,0.9774786117548276
8045,0.3808028043553108,0.06169448056864357,0.5575027150760457
8046,0.9185108623269365,0.0021886046691310876,0.07930053300393256
8047,0.8786519195455242,0.008969582097376411,0.1123784983570992
8048,0.9636059677611313,0.006052234566017557,0.030341797672851212
8049,0.8970242204891753,0.04093262369331414,0.06204315581751058
8050,0.5370632899555032,0.010546993144254805,0.4523897169002419
8051,0.39360261485722203,0.03738645926933869,0.5690109258734392
8052,0.9787169106241774,0.006769277391474185,0.01451381198434835
8053,0.05954476598463461,0.049932716566536826,0.8905225174488285
8054,0.9389990669134163,0.009450329394671822,0.05155060369191208
8055,0.6727811007464779,0.039007269657500954,0.2882116295960211
8056,0.9615167932848516,0.010632548145839886,0.02785065856930854
8057,0.9378095979411748,0.0035610931033047176,0.05862930895552038
8058,0.9276521963198835,0.018075407079354806,0.054272396600761656
8059,0.863965036345823,0.014283823075888916,0.12175114057828822
8060,0.23869874295060822,0.1539331467954641,0.6073681102539278
8061,0.29764014795358357,0.1437686746628967,0.5585911773835198
8062,0.6043252162657815,0.008306808916668327,0.38736797481755014
8063,0.9713196325156301,0.011859292431087465,0.016821075053282234
8064,0.06823963336223578,0.05406411286728224,0.877696253770482
8065,0.9503266050765102,0.00815787954247081,0.041515515381019025
8066,0.979942958978086,0.0039572831358010326,0.016099757886112946
8067,0.19674810714772986,0.007538192587898645,0.7957137002643716
8068,0.8967703853211395,0.026237036676185477,0.07699257800267507
8069,0.9161400652968492,0.01237396393628127,0.07148597076686942
8070,0.9745580558205312,0.00292481580957032,0.022517128369898592
8071,0.9592805678534059,0.005464967344145156,0.035254464802449065
8072,0.9426531845223557,0.015140154654823573,0.04220666082282077
8073,0.9652497560578993,0.005956985072125145,0.028793258869975715
8074,0.8977335045204513,0.008093886266537403,0.09417260921301145
8075,0.8771244492705766,0.020289967054529057,0.10258558367489422
8076,0.9611784895149479,0.011106069023793639,0.027715441461258414
8077,0.22189222936256467,0.03338439654973937,0.7447233740876961
8078,0.1834151570948463,0.034040092331867354,0.7825447505732863
8079,0.9550648918505003,0.005609619150617307,0.039325488998882406
8080,0.9473989606866406,0.014958537187437648,0.03764250212592177
8081,0.9352785082180195,0.005288786057565618,0.059432705724414996
8082,0.8895217846694902,0.015494202918464026,0.09498401241204578
8083,0.39465268251318664,0.12977192230176976,0.4755753951850436
8084,0.24570657229795048,0.02518341806375284,0.7291100096382966
8085,0.9544266724907474,0.015594476549718352,0.02997885095953427
8086,0.003425444018043554,0.0013771830730638108,0.9951973729088927
8087,0.9093969740586738,0.019814231471792086,0.07078879446953416
8088,0.6873693827159804,0.005870486463534573,0.30676013082048503
8089,0.6465092331994157,0.007101239686917939,0.3463895271136662
8090,0.02199754041835998,0.026922002661472225,0.9510804569201678
8091,0.9658659134806986,0.004511280046870119,0.02962280647243134
8092,0.01099255103069446,0.01055026996291601,0.9784571790063896
8093,0.9528359089425571,0.018591465214100322,0.02857262584334259
8094,0.3164980806337431,0.048103256908412134,0.6353986624578448
8095,0.9306592304942971,0.034620092817707844,0.034720676687994924
8096,0.513877511160319,0.014752910220245106,0.47136957861943596
8097,0.29296268364176226,0.016083667851436025,0.6909536485068019
8098,0.8995840263910636,0.018867243617318445,0.08154872999161797
8099,0.8854803658689819,0.008535484633153909,0.10598414949786421
8100,0.06746363801201205,0.009760368216788088,0.9227759937711998
8101,0.8421298203860752,0.025332359128499404,0.13253782048542528
8102,0.8986977794623653,0.013485815333707312,0.08781640520392754
8103,0.6751395997285083,0.06643168028705823,0.2584287199844333
8104,0.8104623540324906,0.052445908911207,0.13709173705630243
8105,0.03559852467252357,0.004192098427044631,0.9602093769004317
8106,0.9701816199544095,0.003967744728486519,0.02585063531710396
8107,0.013471553681424928,0.019385594674775054,0.9671428516438
8108,0.9617613793062975,0.015029262552423537,0.023209358141279085
8109,0.8584044259963299,0.005328402465908713,0.13626717153776133
8110,0.9733694120628273,0.01721841385505719,0.00941217408211542
8111,0.8132919276997579,0.12933346754147984,0.05737460475876222
8112,0.8883745012800074,0.011991687129283302,0.09963381159070923
8113,0.03847970184836652,0.02222041353910571,0.9392998846125278
8114,0.11607046100269598,0.09272257514637271,0.7912069638509313
8115,0.9170921904021168,0.012966845369176118,0.06994096422870714
8116,0.8906595124390717,0.04025726546754674,0.06908322209338158
8117,0.14724434758067295,0.05412408137205885,0.7986315710472681
8118,0.621369166936249,0.21643768256399729,0.16219315049975377
8119,0.8449188471606869,0.02314955725642173,0.13193159558289128
8120,0.9652284268132341,0.019341796851627145,0.015429776335138848
8121,0.6708995648131932,0.012105956850722677,0.3169944783360842
8122,0.9792283721527301,0.0034662868799556342,0.01730534096731437
8123,0.9722020732309976,0.005698061833717484,0.02209986493528506
8124,0.4991841694822223,0.11443467187757907,0.38638115864019856
8125,0.8828742571484905,0.013871028720398955,0.10325471413111059
8126,0.9042328912316012,0.008283120041202382,0.0874839887271965
8127,0.4041849189885578,0.14091928577803084,0.4548957952334112
8128,0.7890527721527129,0.04240521077822701,0.16854201706906013
8129,0.9727322827160406,0.01495317062421187,0.012314546659747553
8130,0.6455261667881659,0.10627261671905386,0.24820121649278032
8131,0.05023945681270219,0.013883435449067016,0.9358771077382309
8132,0.948621042808561,0.013157277048613619,0.03822168014282538
8133,0.9540193082196603,0.020133482076080348,0.025847209704259178
8134,0.9380274627146299,0.015136009069873826,0.046836528215496304
8135,0.015858741303969213,0.011538327931498596,0.9726029307645323
8136,0.11363355884968504,0.016605803694905327,0.8697606374554095
8137,0.6579390860789901,0.006406813727057535,0.33565410019395236
8138,0.18337113017007922,0.008763905803299929,0.8078649640266208
8139,0.08640898362074988,0.012180144082841453,0.9014108722964086
8140,0.9439598081459073,0.01915697854766143,0.036883213306431205
8141,0.9670517634484861,0.004772679594552966,0.028175556956960845
8142,0.9257347026174014,0.05730796315392365,0.016957334228674726
8143,0.970344959566373,0.010880180579610241,0.018774859854016987
8144,0.27078753524682186,0.02804967913311301,0.7011627856200651
8145,0.9479347429334662,0.005990546659258499,0.04607471040727529
8146,0.9706638182712564,0.005990158196863637,0.02334602353188011
8147,0.5592845742170461,0.018057895397906098,0.42265753038504783
8148,0.9175118092060452,0.009650439995523641,0.07283775079843109
8149,0.9582343171748985,0.012920378033678372,0.02884530479142318
8150,0.9639045527816072,0.012646501968095223,0.02344894525029754
8151,0.4792675215682619,0.03582847591054024,0.4849040025211978
8152,0.9580958511782424,0.008103398881536283,0.033800749940221496
8153,0.884123573881044,0.020805482694886728,0.09507094342406937
8154,0.9574473045004457,0.010018920872103633,0.03253377462745058
8155,0.08584628994146401,0.057775612675768646,0.8563780973827673
8156,0.9816304215618111,0.006288580841855554,0.012080997596333375
8157,0.8701915844504106,0.007429948540639948,0.12237846700894943
8158,0.972038667114073,0.011674624802276172,0.01628670808365071
8159,0.5934932414513432,0.0338324861605459,0.37267427238811085
8160,0.7199333486226078,0.01753799693996437,0.26252865443742773
8161,0.9339888458871587,0.01967006756465737,0.04634108654818399
8162,0.311703905278835,0.19876314325139122,0.48953295146977377
8163,0.4359986372783928,0.03508166727582791,0.5289196954457793
8164,0.9068737571446384,0.022956573895230096,0.07016966896013146
8165,0.09338322073054577,0.01680327649598698,0.8898135027734673
8166,0.766919457961148,0.0042742889391152,0.22880625309973668
8167,0.575434819005168,0.03083223973840199,0.39373294125642994
8168,0.8032879273273079,0.007936825556153715,0.18877524711653831
8169,0.8996282390645385,0.005379460638609338,0.09499230029685217
8170,0.83153951851509,0.04629804181619756,0.12216243966871226
8171,0.020932736969052738,0.0019735679879138747,0.9770936950430333
8172,0.20814173596515362,0.09241447743006344,0.6994437866047829
8173,0.8486455551743826,0.009967368440149666,0.14138707638546766
8174,0.964730775303611,0.0023551226049050235,0.032914102091483904
8175,0.9603672618815494,0.007326904317116857,0.03230583380133374
8176,0.793756048791122,0.014070026233508188,0.19217392497536975
8177,0.37885697793198064,0.10485360143977998,0.5162894206282393
8178,0.7855178486574972,0.043136282175992455,0.17134586916651046
8179,0.6158758920398726,0.012430933105508237,0.3716931748546192
8180,0.7544238571450339,0.019139382379855706,0.22643676047511047
8181,0.27081484293669,0.0352891290394185,0.6938960280238914
8182,0.97123489656098,0.009462230212486626,0.01930287322653336
8183,0.7065297558538539,0.041965021962941676,0.2515052221832045
8184,0.9194432129649798,0.016935721556353703,0.06362106547866665
8185,0.9804009253681754,0.009641392820353574,0.009957681811471247
8186,0.9327030607519268,0.02666616622238995,0.04063077302568323
8187,0.4281930501770107,0.06575172526573875,0.5060552245572505
8188,0.8874066253025413,0.00677528210695951,0.10581809259049933
8189,0.3337196205675964,0.09066668714992203,0.5756136922824815
8190,0.3096514499854018,0.2534494902908415,0.43689905972375676
8191,0.9427359466268389,0.0056479139747700755,0.05161613939839109
8192,0.9317154801551918,0.007685583119611969,0.06059893672519624
8193,0.9360263137863839,0.0024578220920050613,0.06151586412161097
8194,0.9390485742080459,0.02850197554314652,0.03244945024880766
8195,0.9295308424633959,0.0035110342635261784,0.06695812327307804
8196,0.9155356995351067,0.013205354500824298,0.07125894596406906
8197,0.8643869313218524,0.003019185230376243,0.13259388344777143
8198,0.7761828280713524,0.012328794120284219,0.21148837780836346
8199,0.9557645869804452,0.0174643532657929,0.026771059753761987
8200,0.9766024113240869,0.007421927340033537,0.015975661335879666
8201,0.04201788420030439,0.003853706114893635,0.9541284096848018
8202,0.6610100392827954,0.04308981703379,0.2959001436834145
8203,0.9350072741612461,0.00668836846872875,0.05830435737002521
8204,0.3509276504723095,0.13587938746638809,0.5131929620613024
8205,0.9324174631229752,0.0017984613339449324,0.06578407554307987
8206,0.4964424534339513,0.023518857204416942,0.48003868936163174
8207,0.9504205233643894,0.006487329722536162,0.043092146913074496
8208,0.4218484288891356,0.07994164771259006,0.4982099233982743
8209,0.8346672508901888,0.016058477355620743,0.1492742717541905
8210,0.9151384021040672,0.005632818851381584,0.07922877904455122
8211,0.5135511583008149,0.03672955794185593,0.4497192837573292
8212,0.9324997670460755,0.004395662902090293,0.06310457005183419
8213,0.9619427504438118,0.006789409704533582,0.031267839851654634
8214,0.06305972052384937,0.0892326900241186,0.847707589452032
8215,0.9606188172241689,0.027196267066598664,0.012184915709232441
8216,0.9561802767021551,0.006207158281693603,0.03761256501615126
8217,0.8331371224164265,0.06653152005327535,0.10033135753029823
8218,0.13547933835109413,0.05456680032087725,0.8099538613280286
8219,0.9531675380270348,0.02648894805597699,0.020343513916988222
8220,0.9500029979640684,0.004420930026300939,0.04557607200963065
8221,0.7253350540967441,0.013282061779992974,0.26138288412326277
8222,0.3934149638780764,0.024284694194384792,0.5823003419275389
8223,0.8503489086180824,0.04100914483636713,0.10864194654555041
8224,0.785223529533059,0.04943114454638361,0.16534532592055742
8225,0.24485273084859452,0.06063438220405941,0.6945128869473461
8226,0.023287718214049975,0.02000605003212302,0.956706231753827
8227,0.9653451688257522,0.008810092133824382,0.025844739040423458
8228,0.9106526909518301,0.008542950194956735,0.08080435885321306
8229,0.2275691289978546,0.01923626067230213,0.7531946103298434
8230,0.8809676464483157,0.0349646873373096,0.08406766621437461
8231,0.9019533251608545,0.07631708857919992,0.021729586259945748
8232,0.3021317364780718,0.023387097451656246,0.674481166070272
8233,0.06337438907491409,0.03219428960584276,0.9044313213192432
8234,0.9718845828094534,0.00487748414723346,0.023237933043313053
8235,0.7032436727847279,0.04044116474774934,0.25631516246752284
8236,0.6755776166523607,0.018151668648267498,0.3062707146993717
8237,0.9444143335039017,0.013228595744478424,0.04235707075162006
8238,0.3376131377333463,0.004711453686036228,0.6576754085806173
8239,0.11698915021027632,0.07391095462037299,0.8090998951693507
8240,0.9510763077482691,0.014007526887636354,0.034916165364094545
8241,0.029929543684720103,0.0034166518625301768,0.9666538044527497
8242,0.8974882351143096,0.021160885045343976,0.08135087984034643
8243,0.8991664521461066,0.032033811046615214,0.06879973680727823
8244,0.9603061378225484,0.0010503361186224238,0.03864352605882914
8245,0.9476872969688065,0.02281674964049168,0.029495953390701754
8246,0.7276621655566465,0.015410016555299463,0.25692781788805397
8247,0.9855090824149572,0.004642208842945585,0.00984870874209733
8248,0.9713942351481112,0.008034973771938018,0.020570791079950718
8249,0.9493240498700634,0.013216666386112692,0.03745928374382404
8250,0.9727157868661567,0.014523642115114449,0.012760571018728996
8251,0.8256095176229532,0.005384065598759826,0.16900641677828696
8252,0.8325214103878407,0.02026371951113848,0.14721487010102083
8253,0.9339422665135052,0.01684502827948982,0.04921270520700487
8254,0.818720307134356,0.012031690031155562,0.16924800283448851
8255,0.9081638497198656,0.030652304157862704,0.061183846122271714
8256,0.7844336467394198,0.04072007239882447,0.1748462808617556
8257,0.9586937460879531,0.026797278304741136,0.014508975607305784
8258,0.023109090024092924,0.0027677093732833657,0.9741232006026238
8259,0.05702995043878264,0.04442892855250276,0.8985411210087147
8260,0.9543264582139283,0.005685576731871567,0.03998796505420004
8261,0.9523736488672935,0.01071588734547892,0.03691046378722751
8262,0.8641371558835692,0.008336763323213496,0.12752608079321734
8263,0.9403732878630621,0.028886131744039808,0.03074058039289817
8264,0.9214570496418852,0.00404760653600347,0.07449534382211133
8265,0.9200689603433038,0.030222412777919472,0.04970862687877677
8266,0.028789853842863138,0.013071441599840266,0.9581387045572967
8267,0.9491602490406357,0.008641125638033365,0.042198625321330833
8268,0.9506889625425872,0.0048561300144480055,0.044454907442964986
8269,0.9429890602128621,0.01705766496394298,0.03995327482319491
8270,0.8682017305827039,0.012864177943982584,0.11893409147331374
8271,0.9515850221108824,0.021569440558982925,0.026845537330134756
8272,0.9570391232187263,0.002932497107359373,0.040028379673914365
8273,0.9032089764496315,0.03596536106280975,0.06082566248755863
8274,0.8870236870414295,0.022631366319466863,0.09034494663910363
8275,0.3346591357024719,0.10606883841917066,0.5592720258783574
8276,0.5072379743521965,0.02237925938067225,0.47038276626713116
8277,0.9067962864234079,0.014703181189732045,0.07850053238686013
8278,0.9405761524181415,0.009875556548515987,0.0495482910333425
8279,0.9120143723661627,0.006257792594028798,0.08172783503980856
8280,0.02538609920415133,0.028689827733806347,0.9459240730620424
8281,0.8845002001554412,0.01961058415546761,0.0958892156890912
8282,0.975516952100951,0.010680262389933378,0.013802785509115715
8283,0.956454048002878,0.008367015829484877,0.035178936167637107
8284,0.9404938127082605,0.01354630424658467,0.04595988304515474
8285,0.1702586956005964,0.06503754272654055,0.764703761672863
8286,0.9780245812774145,0.005157174779355732,0.016818243943229602
8287,0.8871227438600059,0.0029495956719036466,0.10992766046809054
8288,0.9703195488408818,0.003981682769327333,0.025698768389790887
8289,0.661304491543355,0.026889835990108434,0.31180567246653657
8290,0.20484877575071686,0.02253561149531378,0.7726156127539694
8291,0.4076828455812019,0.01307387395747892,0.5792432804613191
8292,0.9042906989477227,0.006040690335217666,0.08966861071705949
8293,0.9634086097140109,0.004246109632891726,0.032345280653097185
8294,0.9615206049688495,0.0054274010223866985,0.03305199400876397
8295,0.9762426522775391,0.00872284907564092,0.01503449864682008
8296,0.7137912468061812,0.022497086925972107,0.2637116662678466
8297,0.9605795404605053,0.0068481957937689,0.03257226374572595
8298,0.9789367204635115,0.008271208568241581,0.012792070968246813
8299,0.8944297220798768,0.01832169229439591,0.08724858562572732
8300,0.9057716394935478,0.013782745825539086,0.08044561468091309
8301,0.8515440812090538,0.014642248755340544,0.13381367003560568
8302,0.16986091246203344,0.14448746322884912,0.6856516243091175
8303,0.9263559935813868,0.006732102328048591,0.06691190409056481
8304,0.23414220947458855,0.12073198717676537,0.6451258033486461
8305,0.9372825341863535,0.013794479664432138,0.048922986149214316
8306,0.9253970736747745,0.00540430665065898,0.06919861967456639
8307,0.02237829632358097,0.0066953420026433065,0.9709263616737758
8308,0.8150232278225629,0.0017843517591439883,0.18319242041829312
8309,0.09135394989674564,0.014595712894699485,0.8940503372085549
8310,0.9408784801032964,0.00912953339629823,0.049991986500405296
8311,0.9604165577371129,0.002772386720440915,0.03681105554244614
8312,0.9549798513888234,0.007576959499323449,0.03744318911185322
8313,0.9604354800786429,0.014647656396813188,0.024916863524544128
8314,0.9746049266790043,0.0036225987664330996,0.021772474554562594
8315,0.8267020352266464,0.034127835809741526,0.13917012896361203
8316,0.9285734966374769,0.025150466152688893,0.046276037209834225
8317,0.8597788935944474,0.048010651382513474,0.09221045502303915
8318,0.6863769151493189,0.07019107384989075,0.24343201100079034
8319,0.037969701053170296,0.03741889083556727,0.9246114081112624
8320,0.9553347675321862,0.004836288465726902,0.039828944002086884
8321,0.7881804516277641,0.024370351164347163,0.1874491972078887
8322,0.2785702611863542,0.025390654912057543,0.6960390839015883
8323,0.00418382745793162,0.004798643675527391,0.991017528866541
8324,0.12227690458008127,0.04429812408894195,0.8334249713309767
8325,0.9783847961027187,0.010009334542825602,0.011605869354455753
8326,0.9419816034693047,0.008415406219859827,0.04960299031083549
8327,0.9597249030939166,0.01761166545361993,0.022663431452463405
8328,0.012516142235023167,0.002711162349328553,0.9847726954156484
8329,0.9679275137277565,0.005599928657933484,0.02647255761430999
8330,0.38948749469204563,0.009706000169593448,0.6008065051383609
8331,0.9312483781641433,0.008103953291002964,0.06064766854485383
8332,0.7648245044123562,0.11536168746511173,0.11981380812253199
8333,0.9313378933515042,0.0024357340489474934,0.06622637259954833
8334,0.8959948872374782,0.006004151046705382,0.09800096171581646
8335,0.9498113744332269,0.007911183054644383,0.04227744251212874
8336,0.41092214641848435,0.018900376459277193,0.5701774771222385
8337,0.8303978703300068,0.008995788489097909,0.1606063411808953
8338,0.9754081118036905,0.0055823438722616995,0.01900954432404794
8339,0.508941140451872,0.07402580792945149,0.41703305161867643
8340,0.9457182621914645,0.0042207600023413195,0.05006097780619423
8341,0.9561403351497558,0.021195861174873917,0.022663803675370284
8342,0.9726758039121217,0.009381156234849974,0.01794303985302841
8343,0.8895130184707566,0.008229302153263613,0.10225767937597989
8344,0.025387947828937944,0.026529960969711178,0.9480820912013509
8345,0.9684329690974187,0.002851575942263698,0.028715454960317667
8346,0.051054546497721766,0.023340097611335573,0.9256053558909426
8347,0.7629315581072914,0.026024816811194347,0.21104362508151428
8348,0.3825075436732769,0.10181751419551241,0.5156749421312107
8349,0.9779613038768104,0.004503369071694998,0.017535327051494628
8350,0.8960695430284055,0.01212021450273343,0.09181024246886121
8351,0.758742657915767,0.005176702486160722,0.2360806395980723
8352,0.9239304707557867,0.004769538696617788,0.07129999054759548
8353,0.07498947646873708,0.009785227699863976,0.9152252958313989
8354,0.06415260241349693,0.041398618985167106,0.894448778601336
8355,0.9773291287634376,0.004612837254409455,0.018058033982152905
8356,0.7470044636651838,0.01188904158578317,0.2411064947490331
8357,0.2520639188971146,0.043193633984580856,0.7047424471183046
8358,0.27797746689618363,0.09572830693488285,0.6262942261689336
8359,0.9771150509998429,0.006949019740943742,0.015935929259213333
8360,0.9703043596050992,0.003165968682386773,0.026529671712513872
8361,0.5556369909837247,0.007672320858840899,0.4366906881574345
8362,0.931265533748899,0.022004832888392584,0.04672963336270848
8363,0.6199164845946159,0.020429455475559907,0.3596540599298243
8364,0.953825466559638,0.020176112097324745,0.02599842134303725
8365,0.723431474907411,0.007686166589961109,0.2688823585026279
8366,0.8648724842502172,0.005299593116523603,0.1298279226332591
8367,0.9039755249401276,0.0065800795146753015,0.08944439554519716
8368,0.9365797636897382,0.00555674474848717,0.057863491561774644
8369,0.4818006096563316,0.0176229418112877,0.5005764485323807
8370,0.8108064311631906,0.019287296261134988,0.16990627257567442
8371,0.9395883206450384,0.005951348960044701,0.05446033039491708
8372,0.025386992497672217,0.01509817988905886,0.9595148276132688
8373,0.061604509715141045,0.016862068538580334,0.9215334217462786
8374,0.3154037746537688,0.028515272557207382,0.6560809527890239
8375,0.9676182055888692,0.00605671676146667,0.026325077649663922
8376,0.2636698789591642,0.04146250414404325,0.6948676168967926
8377,0.8309426308923767,0.04214780081231355,0.12690956829530967
8378,0.9349592677263172,0.019571800358765924,0.04546893191491674
8379,0.9714680661380865,0.008115438847209546,0.020416495014703932
8380,0.8368596227274747,0.010426521172149116,0.15271385610037633
8381,0.9672937414728852,0.009943718243762245,0.022762540283352683
8382,0.9191151569590467,0.003847698899867223,0.07703714414108621
8383,0.8843631377252067,0.005028810009278192,0.11060805226551526
8384,0.9583375552434784,0.004809284499399311,0.03685316025712226
8385,0.11381344505791298,0.20475635497557504,0.6814301999665119
8386,0.6808807562411802,0.04110659412827259,0.2780126496305473
8387,0.9704258463720932,0.004694617392121713,0.02487953623578517
8388,0.7846418162976648,0.011899668491296976,0.20345851521103825
8389,0.7373544758022561,0.04670914894455888,0.2159363752531849
8390,0.0866795455600972,0.021854553435937632,0.8914659010039651
8391,0.9024983535523173,0.010764123564971391,0.0867375228827113
8392,0.9424566558470401,0.015743418241649758,0.04179992591131005
8393,0.9700158666782697,0.010152938925618558,0.019831194396111917
8394,0.47241028369070437,0.03398998685695485,0.49359972945234076
8395,0.42491630755138216,0.025110792802601988,0.5499728996460159
8396,0.923445714495026,0.017126842552052695,0.05942744295292133
8397,0.9497906079125684,0.0038595729567337876,0.046349819130697724
8398,0.9686851596910924,0.006999272761704109,0.024315567547203577
8399,0.8292679472668026,0.023936292055261047,0.1467957606779363
8400,0.008845310418216143,0.010071911257555233,0.9810827783242286
8401,0.3323955749435485,0.11401779659875534,0.5535866284576961
8402,0.4242940937233416,0.11195811970326741,0.4637477865733911
8403,0.09551360707903608,0.12136199881437261,0.7831243941065914
8404,0.9613201372403622,0.004967220563448946,0.033712642196188795
8405,0.055565544525203625,0.045067327179541,0.8993671282952552
8406,0.9315998536774667,0.0035694500883259885,0.06483069623420737
8407,0.9543474604464158,0.005571778904727132,0.040080760648857
8408,0.8489019528450287,0.007119359756216133,0.1439786873987553
8409,0.39515995438828333,0.04192463623438869,0.562915409377328
8410,0.6869467433386828,0.10577126011324293,0.20728199654807414
8411,0.8996832729769901,0.0064229618256270654,0.09389376519738274
8412,0.01162615801515769,0.005541471077493655,0.9828323709073485
8413,0.025859648708066302,0.018298593527469924,0.9558417577644638
8414,0.9488452827548712,0.006261585566522888,0.04489313167860587
8415,0.8929735146625442,0.01921490845965842,0.0878115768777974
8416,0.9356638155056961,0.011172251075251514,0.05316393341905248
8417,0.671874660531396,0.006771358878154416,0.3213539805904496
8418,0.9357400780012769,0.03366467459126154,0.03059524740746151
8419,0.20237201853354753,0.02603881353621185,0.7715891679302406
8420,0.8312334198182477,0.005447639470613257,0.16331894071113887
8421,0.11257623538382545,0.03706189803503307,0.8503618665811414
8422,0.9695915762674806,0.00489386811260008,0.025514555619919128
8423,0.9329472756784714,0.015995176933928847,0.05105754738759996
8424,0.8126835858087732,0.04443412384295345,0.14288229034827343
8425,0.6271059360010858,0.02181955227825167,0.35107451172066256
8426,0.08845801487424025,0.12453534191040587,0.7870066432153539
8427,0.6786292523136221,0.06752826388811393,0.2538424837982639
8428,0.9598485003515834,0.002881752381398114,0.03726974726701842
8429,0.9743273807774725,0.005546170145883896,0.020126449076643543
8430,0.9496582727380259,0.022636142282784794,0.027705584979189384
8431,0.04647221644290743,0.015151267192071764,0.9383765163650207
8432,0.7523348052538714,0.05373177005464307,0.19393342469148553
8433,0.777236801207693,0.16378276359037253,0.058980435201934404
8434,0.06774957321051478,0.019629600803250286,0.912620825986235
8435,0.9688344903581685,0.003297286752826339,0.027868222889005274
8436,0.8151653056435761,0.028462573144085353,0.1563721212123384
8437,0.13194674510013552,0.02364423587670735,0.8444090190231571
8438,0.9591634088847314,0.019546894128591574,0.021289696986677036
8439,0.8015194338934313,0.012500767433429589,0.18597979867313913
8440,0.9112422161775441,0.051763539847438575,0.03699424397501731
8441,0.5241901133428737,0.011133613026113457,0.4646762736310128
8442,0.9418474119463354,0.01766366711610432,0.040488920937560305
8443,0.9488481031103448,0.0038426096705903774,0.04730928721906465
8444,0.9524184287516452,0.015343125582875565,0.032238445665479204
8445,0.9720438778626652,0.013317607814199866,0.014638514323134968
8446,0.8144921220823135,0.010230643073671402,0.17527723484401503
8447,0.12303610954525515,0.06470216504317619,0.8122617254115686
8448,0.7740029785611786,0.0039559842375563765,0.22204103720126497
8449,0.7774932576154187,0.053998700102007885,0.16850804228257343
8450,0.8420768702383867,0.03207729636143855,0.1258458334001747
8451,0.9557585961972608,0.010231417180480816,0.03400998662225848
8452,0.9691835136764104,0.005965345906347872,0.02485114041724176
8453,0.9134528706482549,0.01453794830699211,0.07200918104475318
8454,0.6793826886496327,0.024794367448222016,0.2958229439021454
8455,0.3021017609174856,0.005496843202091525,0.6924013958804228
8456,0.8328006702149459,0.0068057837295039765,0.16039354605555026
8457,0.9500738674538708,0.011242926260530497,0.03868320628559867
8458,0.34891134300552823,0.24990217097208747,0.40118648602238427
8459,0.9677709166962898,0.008357533743780912,0.023871549559929206
8460,0.9505549887917959,0.015855130549157423,0.03358988065904666
8461,0.2386293312740873,0.029215209829211594,0.7321554588967011
8462,0.954483111123418,0.007619021009001708,0.03789786786758019
8463,0.6368857440943411,0.005000290149463671,0.35811396575619525
8464,0.9223628030981248,0.04422018445184307,0.033417012450032146
8465,0.5934229717261204,0.010986306023451188,0.3955907222504285
8466,0.8240567743343673,0.026871674843760896,0.1490715508218719
8467,0.956459947775537,0.003627085174824174,0.03991296704963886
8468,0.30311367444113035,0.03405598584055576,0.6628303397183138
8469,0.24162796614483795,0.04897137759603946,0.7094006562591227
8470,0.8338929156280199,0.04603660545749587,0.12007047891448405
8471,0.9643358896943647,0.004152292584443455,0.03151181772119185
8472,0.9135657618227719,0.025202334933687048,0.06123190324354101
8473,0.9741363894104876,0.01176823591472301,0.014095374674789257
8474,0.9134627870392604,0.023853199973000113,0.06268401298773958
8475,0.1370682307911499,0.02818307583957208,0.834748693369278
8476,0.9541201125135453,0.006736519263425543,0.03914336822302904
8477,0.7640652148663506,0.0678556129715182,0.16807917216213128
8478,0.9300607307691877,0.022083825557683425,0.047855443673128856
8479,0.9490167510036025,0.009684937554110734,0.041298311442286906
8480,0.9403227935607603,0.014446135755193773,0.04523107068404587
8481,0.97516815299479,0.006918084029832368,0.01791376297537756
8482,0.46610470311482094,0.006577037664577319,0.5273182592206017
8483,0.1685046144746985,0.023657352811387398,0.8078380327139141
8484,0.927048092472951,0.010851913918414545,0.06209999360863449
8485,0.9748982574430166,0.006499234636939155,0.01860250792004425
8486,0.25726261244175713,0.029258047247651582,0.7134793403105913
8487,0.8681585752193969,0.021728755115257715,0.11011266966534541
8488,0.9658657717374454,0.005726987773267383,0.028407240489287163
8489,0.9059636852255966,0.017402488222810927,0.0766338265515924
8490,0.30175934594607046,0.02754763362700187,0.6706930204269277
8491,0.09731186564954981,0.018668456565880374,0.8840196777845698
8492,0.8950560493148203,0.02488316330025387,0.08006078738492586
8493,0.9414386766715347,0.005348447141132106,0.05321287618733314
8494,0.8512306316203839,0.023436765020585542,0.1253326033590305
8495,0.92943462655822,0.037025565988709166,0.03353980745307091
8496,0.9156380863954281,0.038876594529390324,0.045485319075181496
8497,0.9701020849995148,0.005665021788051996,0.02423289321243327
8498,0.12904025252286982,0.019215259974694022,0.8517444875024361
8499,0.9296681723934418,0.005048017219224954,0.06528381038733325
8500,0.9301368318322641,0.020978841823290063,0.04888432634444584
8501,0.9227866684689002,0.004855795684441887,0.07235753584665797
8502,0.14237826085212407,0.0119582663009867,0.8456634728468891
8503,0.9264486004868259,0.019113470014033664,0.054437929499140565
8504,0.311489886527766,0.037326012964219744,0.6511841005080143
8505,0.9766455751139355,0.003859945145973309,0.019494479740091213
8506,0.9678764245221666,0.004890538542971029,0.02723303693486241
8507,0.8838940403445308,0.004585399719037353,0.11152055993643177
8508,0.913090156416665,0.008377211697690267,0.07853263188564488
8509,0.9404242252251536,0.012723733407401173,0.04685204136744521
8510,0.8893910565783497,0.038894118933610534,0.0717148244880397
8511,0.9412732492616385,0.01259243284158789,0.0461343178967736
8512,0.16321731746278675,0.024628952395479294,0.812153730141734
8513,0.47445154022135705,0.17803401611920514,0.3475144436594379
8514,0.15861718471336167,0.09445477955441924,0.7469280357322191
8515,0.7990959338217253,0.0030871022274842155,0.1978169639507905
8516,0.1695174825462172,0.027212143620223794,0.803270373833559
8517,0.8708189517247071,0.01946542806679,0.10971562020850283
8518,0.7639161607029081,0.11346497237483053,0.1226188669222613
8519,0.829504577873442,0.03212142834775057,0.13837399377880738
8520,0.9772493453476817,0.007067102500970283,0.015683552151348056
8521,0.9299707644758448,0.004994511346313534,0.06503472417784169
8522,0.9067379852799895,0.04636985897400216,0.04689215574600823
